<?xml version="1.0"?>
<opencv_storage>
<calibration_time>"Wed 02 Sep 2020 23:33:04 IST"</calibration_time>
<nr_of_frames>30</nr_of_frames>
<image_width>1280</image_width>
<image_height>720</image_height>
<board_width>9</board_width>
<board_height>6</board_height>
<square_size>1.5555000305175781e+01</square_size>
<fix_aspect_ratio>1.</fix_aspect_ratio>
<!-- flags: +fix_aspectRatio +fix_principal_point -->
<flags>6</flags>
<camera_matrix type_id="opencv-matrix">
  <rows>3</rows>
  <cols>3</cols>
  <dt>d</dt>
  <data>
    1.1991337635118525e+03 0. 640. 0. 1.1991337635118525e+03 360. 0. 0.
    1.</data></camera_matrix>
<distortion_coefficients type_id="opencv-matrix">
  <rows>5</rows>
  <cols>1</cols>
  <dt>d</dt>
  <data>
    3.8299475941333261e-02 -2.3128252022334345e-01
    -7.6613694752992135e-03 -4.0585499696770503e-03
    -2.3141351413025502e-01</data></distortion_coefficients>
<avg_reprojection_error>9.3689222021268048e-01</avg_reprojection_error>
<per_view_reprojection_errors type_id="opencv-matrix">
  <rows>30</rows>
  <cols>1</cols>
  <dt>f</dt>
  <data>
    1.01444507e+00 2.03044868e+00 8.70210171e-01 9.88086045e-01
    7.55939901e-01 8.01068306e-01 1.01817846e+00 8.11072469e-01
    9.49622214e-01 1.00519860e+00 9.56735611e-01 9.78530288e-01
    8.58863592e-01 6.00710213e-01 9.35225248e-01 6.02771401e-01
    5.51226079e-01 5.26172698e-01 7.91959524e-01 6.30870163e-01
    6.82274103e-01 6.91293538e-01 5.49933553e-01 9.00845110e-01
    9.54480529e-01 1.22367430e+00 9.23815072e-01 6.74013972e-01
    1.05573702e+00 1.38723433e+00</data></per_view_reprojection_errors>
<!-- a set of 6-tuples (rotation vector + translation vector) for each view -->
<extrinsic_parameters type_id="opencv-matrix">
  <rows>30</rows>
  <cols>6</cols>
  <dt>d</dt>
  <data>
    1.0710814625153366e-02 6.0402965870445025e-02
    -8.1111712393039076e-02 -8.7188188074585469e+01
    -3.8724546880662018e+01 2.6164891009423201e+02
    3.4086890281460530e-02 5.0707509656074071e-03
    -7.6990854478533655e-02 -7.9571890311722413e+01
    -3.4181997396508208e+01 2.3096027166386096e+02
    -5.2750321294465073e-02 -2.9788170416400372e-01
    -8.7734145807927399e-01 -1.0742880710818844e+02
    2.0641821084862379e+01 2.5112085474348399e+02 1.6551434726652453e-01
    -1.8675813768607546e-01 -1.2981096389581694e+00
    -1.1036464341802578e+02 5.0186610970913854e+01
    2.5501150598665473e+02 -5.7870113893196948e-02
    -3.2588143937599701e-01 -6.6665173833818037e-01
    -9.5785936767493624e+01 1.4719863377686499e+01
    2.5512609236068346e+02 3.3395120029450720e-02 9.4694832922315210e-03
    -1.4940480796586173e+00 -1.1114989791154579e+02
    5.6631571629236262e+01 2.8100734295621476e+02
    -2.5124571571457111e-01 -7.6378914743721016e-01
    -1.6547171595198786e+00 -6.4726679354616579e+01
    5.4320950889661873e+01 2.6440207434646095e+02
    -5.1808920019451310e-03 -2.6725631092836472e-01
    -2.6643950865824522e+00 -1.0037279183731181e+01
    5.0652672309232130e+01 2.6748135242805876e+02 2.9752719472190359e-01
    -1.0036344742039061e-01 -2.9084226605133923e+00
    9.6947967638218003e+01 3.5116228890505141e+01 3.2045413280580800e+02
    6.9173406460582598e-01 1.6982197278385713e-01
    -2.9612601090279389e+00 3.0020961943258468e+00
    3.4744070790770913e+01 3.1322633939151359e+02 2.5387979956574386e-01
    -8.5699237443598419e-01 -2.9450418303022454e+00
    3.2261985189331249e+01 4.9633153667229692e+01 2.7021812212828218e+02
    -3.6657194493283168e-01 -8.5017262853673103e-01
    2.9993777838118745e+00 3.2126991397762751e+01 4.6310609276745138e+00
    3.6176268163071575e+02 -8.5148046957678325e-01
    -2.6936450515843430e-01 2.6448878678623462e+00
    -1.3021666680953853e+01 -2.4304970284929592e+01
    4.0728158499178073e+02 -2.6657189607942340e-02
    -6.4665988320808543e-01 -1.9060740667279374e+00
    -5.0494800302598613e+01 6.4483736654561199e+01
    4.2705496078947004e+02 -3.1915700565537511e-02
    -6.0762297449146208e-01 -1.7692188107212468e+00
    -7.4362499420072467e+01 4.1097212947817383e+01
    2.5408867005790350e+02 -1.5957749643806249e-01
    1.1204999090017558e-01 3.1178292930966554e+00 3.7140223547944188e+01
    2.5934243860326319e+01 3.6322735331172584e+02 5.8594690796597426e-01
    2.9172937041126040e-02 -3.0610138619572806e+00
    -3.2004447354315417e+01 3.7396085444350263e+01
    4.1817440187441798e+02 4.7761308773535438e-01
    -1.2147975530778396e-01 3.0152934776687266e+00
    1.0455467080392748e+02 2.4129976779893056e+01 3.5948604465912354e+02
    7.0473484216829319e-01 -1.9079700639686586e-01
    2.9452269940645266e+00 1.4381747653793335e+02 3.0832044054254464e+01
    3.3463109345806714e+02 2.2869759876808260e-01
    -1.8623294749336861e-01 2.4929349985851141e+00
    1.2081388235147141e+02 -1.6802749214629664e+01
    3.4465513595697604e+02 -3.6311530685580051e-01
    9.4980583239789074e-01 2.8459707409834176e+00 3.2311979214255246e+01
    7.7106350494127824e+01 4.0012356792025264e+02
    -3.3667526925433428e-01 -1.4536567921732799e-01
    2.9444139219343053e+00 1.7890857921769797e+01
    -1.2770433594303107e+01 4.5362321387420053e+02
    -2.1443898716367502e-01 2.3975769240956721e-01
    2.7340676412492670e+00 -1.1037966041622559e+01
    -1.9918051440747785e+01 4.0758253187558989e+02
    3.9055269867742687e-01 -5.4881201486662112e-01
    -2.8487526627766906e+00 1.1954861810224392e+02
    7.3532667513187889e+01 3.6089062283157529e+02
    -4.7273922448807304e-01 5.6159070766085883e-01
    3.0176019856899572e+00 6.6384345917476054e+01 4.4856947581617767e+01
    2.5591654736957764e+02 -5.0741443947925402e-01
    8.1640326757491133e-01 2.9810612342833114e+00 5.5947199693600233e+01
    4.2659860566634599e+01 2.4114310886366093e+02
    -1.0239138386139997e-01 7.1905104246119422e-01
    2.0262070917336317e+00 3.2287288703134941e+01
    -2.7438696131610421e+01 3.3024508362055531e+02
    -2.8115535163177169e-01 2.0416296836803974e-01
    1.7220244243510088e+00 9.3693285163018359e+01
    -7.0408787698350679e+01 3.6688670814600317e+02
    -6.1030046577201136e-01 3.6718588181256562e-01
    1.4650775076653713e+00 2.8332398872835086e+01
    -3.5857090739618918e+01 3.1136052542872307e+02
    -8.7918275488558684e-01 6.3901526401371156e-01
    1.2408594492059630e+00 -4.1492034912855125e+01
    -3.8140878092826625e+01 3.7955267662981964e+02</data></extrinsic_parameters>
